🗓️ 星期 0 分佈：
hour
0     0.034928
1     0.035148
2     0.035729
3     0.033539
4     0.033955
5     0.031423
6     0.030866
7     0.030345
8     0.028158
9     0.027392
10    0.029310
11    0.031836
12    0.039625
13    0.049135
14    0.057370
15    0.053591
16    0.058098
17    0.053227
18    0.051697
19    0.052933
20    0.053194
21    0.054495
22    0.049535
23    0.044474
Name: count, dtype: float64

🗓️ 星期 1 分佈：
hour
0     0.036659
1     0.043010
2     0.036128
3     0.034161
4     0.033326
5     0.032116
6     0.031235
7     0.030690
8     0.033131
9     0.031892
10    0.030889
11    0.036055
12    0.041600
13    0.046698
14    0.054244
15    0.053616
16    0.058130
17    0.055211
18    0.052511
19    0.049712
20    0.047959
21    0.046788
22    0.044882
23    0.039356
Name: count, dtype: float64

🗓️ 星期 2 分佈：
hour
0     0.037820
1     0.037867
2     0.038167
3     0.036287
4     0.036896
5     0.030460
6     0.029840
7     0.033863
8     0.029812
9     0.027590
10    0.030544
11    0.037551
12    0.042072
13    0.051245
14    0.054175
15    0.057479
16    0.055813
17    0.049937
18    0.050846
19    0.048801
20    0.047027
21    0.044844
22    0.049693
23    0.041368
Name: count, dtype: float64

🗓️ 星期 3 分佈：
hour
0     0.037577
1     0.036610
2     0.034570
3     0.032324
4     0.031965
5     0.030150
6     0.030875
7     0.030441
8     0.029465
9     0.029936
10    0.035859
11    0.041263
12    0.045038
13    0.050725
14    0.052559
15    0.053638
16    0.054522
17    0.053041
18    0.053806
19    0.051201
20    0.049210
21    0.050154
22    0.045777
23    0.039295
Name: count, dtype: float64

🗓️ 星期 4 分佈：
hour
0     0.038287
1     0.037282
2     0.036136
3     0.034870
4     0.034135
5     0.031558
6     0.038887
7     0.045669
8     0.030487
9     0.030157
10    0.030949
11    0.036589
12    0.042001
13    0.048261
14    0.051486
15    0.051102
16    0.053415
17    0.051144
18    0.051357
19    0.049554
20    0.047946
21    0.046656
22    0.043527
23    0.038545
Name: count, dtype: float64

🗓️ 星期 5 分佈：
hour
0     0.042429
1     0.038877
2     0.038077
3     0.037590
4     0.035843
5     0.032250
6     0.032321
7     0.034559
8     0.033657
9     0.031805
10    0.032587
11    0.035397
12    0.040389
13    0.047080
14    0.049408
15    0.053128
16    0.053640
17    0.050175
18    0.047922
19    0.050823
20    0.046437
21    0.046369
22    0.044244
23    0.044992
Name: count, dtype: float64

🗓️ 星期 6 分佈：
hour
0     0.039392
1     0.040373
2     0.041236
3     0.047757
4     0.058660
5     0.040900
6     0.032887
7     0.030197
8     0.029084
9     0.029077
10    0.032383
11    0.034790
12    0.040347
13    0.044950
14    0.046076
15    0.046537
16    0.048156
17    0.051177
18    0.051452
19    0.050948
20    0.043470
21    0.043157
22    0.040062
23    0.036932
Name: count, dtype: float64

