🗓️ 星期 0 分佈：
hour
0     0.035018
1     0.035252
2     0.035826
3     0.033617
4     0.034051
5     0.031428
6     0.030701
7     0.030232
8     0.028040
9     0.027278
10    0.029189
11    0.031783
12    0.039593
13    0.049181
14    0.057450
15    0.053612
16    0.058154
17    0.053248
18    0.051684
19    0.052948
20    0.053216
21    0.054523
22    0.049533
23    0.044444
Name: count, dtype: float64

🗓️ 星期 1 分佈：
hour
0     0.036775
1     0.043188
2     0.036164
3     0.034004
4     0.033183
5     0.031903
6     0.030977
7     0.030576
8     0.033050
9     0.031869
10    0.030849
11    0.036033
12    0.041640
13    0.046818
14    0.054383
15    0.053683
16    0.058241
17    0.055272
18    0.052528
19    0.049685
20    0.048036
21    0.046859
22    0.044982
23    0.039301
Name: count, dtype: float64

🗓️ 星期 2 分佈：
hour
0     0.037894
1     0.037941
2     0.038242
3     0.036302
4     0.036912
5     0.030422
6     0.029792
7     0.033814
8     0.029800
9     0.027578
10    0.030528
11    0.037554
12    0.042084
13    0.051181
14    0.054203
15    0.057518
16    0.055857
17    0.049984
18    0.050875
19    0.048836
20    0.047061
21    0.044834
22    0.049594
23    0.041198
Name: count, dtype: float64

🗓️ 星期 3 分佈：
hour
0     0.037812
1     0.036839
2     0.034737
3     0.032326
4     0.031935
5     0.030095
6     0.030638
7     0.030313
8     0.029369
9     0.029908
10    0.035840
11    0.041269
12    0.045068
13    0.050784
14    0.052630
15    0.053704
16    0.054571
17    0.053110
18    0.053830
19    0.051172
20    0.049159
21    0.050055
22    0.045679
23    0.039156
Name: count, dtype: float64

🗓️ 星期 4 分佈：
hour
0     0.038369
1     0.037370
2     0.036230
3     0.034952
4     0.034203
5     0.031616
6     0.038971
7     0.045784
8     0.030552
9     0.030233
10    0.031024
11    0.036682
12    0.042072
13    0.048274
14    0.051448
15    0.051081
16    0.053397
17    0.051114
18    0.051318
19    0.049471
20    0.047712
21    0.046262
22    0.043489
23    0.038378
Name: count, dtype: float64

🗓️ 星期 5 分佈：
hour
0     0.042484
1     0.038928
2     0.038126
3     0.037639
4     0.035889
5     0.032292
6     0.032363
7     0.034604
8     0.033701
9     0.031846
10    0.032629
11    0.035443
12    0.040442
13    0.047141
14    0.049423
15    0.053062
16    0.053579
17    0.050128
18    0.047835
19    0.050754
20    0.046370
21    0.046272
22    0.044163
23    0.044889
Name: count, dtype: float64

🗓️ 星期 6 分佈：
hour
0     0.039444
1     0.040429
2     0.041271
3     0.047778
4     0.058587
5     0.040800
6     0.032709
7     0.030155
8     0.029065
9     0.029044
10    0.032397
11    0.034801
12    0.040396
13    0.045011
14    0.046055
15    0.046537
16    0.048218
17    0.051213
18    0.051477
19    0.050995
20    0.043480
21    0.043145
22    0.040058
23    0.036933
Name: count, dtype: float64

